"Gemeenten";"Bevolking totaal|2019";"Leeftijd bevolking|2019";"Bevolkingsdichtheid|2019";"Bevolking -4 jaar|2019";"Bevolking 5-9 jaar|2019";"Bevolking 10-14 jaar|2019";"Bevolking -14 jaar|2019";"Bevolking 15-24 jaar|2019";"Bevolking 25-34 jaar|2019";"Bevolking 35-44 jaar|2019";"Bevolking 45-54 jaar|2019";"Bevolking 55-64 jaar|2019";"Bevolking 65-74 jaar|2019";"Bevolking 75-84 jaar|2019";"Bevolking 85+ jaar|2019";"Bevolking 25-44 jaar|2019";"Bevolking 45-64 jaar|2019";"Bevolking totaal vrouwen|2019";"Bevolking totaal mannen|2019";"Groene druk (-19 t.o.v. 20-64 jaar)|2019";"Grijze druk (65+ t.o.v. 20-64 jaar)|2019";"Demografische druk (Groene + grijze druk tov 20-64)|2019";"Huishoudens totaal|2019";"Huishoudens alleenstaand totaal|2019";"Huishoudens samenwonend totaal|2019";"Huishoudens samenwonend zonder kinderen totaal|2019";"Huishoudens samenwonend met kind en eenoudergezinnen totaal|2019";"Huishoudens eenouder totaal|2019";"Personen per huishouden|2019"
"Aa en Hunze";25386;46,8;92;922;1174;1366;3462;2610;1914;2433;3996;4358;3911;2020;682;4347;8354;12727;12659;36,7;48,2;84,9;11152;3254;7898;4336;3562;590;2,29
"Aalsmeer";31728;41,6;1577;1506;1970;2246;5722;3679;3061;4012;5442;3982;3213;1904;713;7073;9424;16034;15694;42,8;32,2;75,0;13089;3790;9299;3839;5460;960;2,43
"Aalten";27011;44,0;280;1197;1415;1682;4294;3030;2569;2846;4179;4129;3363;1932;669;5415;8308;13452;13559;39,7;39,6;79,3;11399;3370;8029;3939;4090;652;2,38
"Achtkarspelen";27852;41,7;272;1423;1636;1877;4936;3360;2966;3224;4119;3789;3291;1637;530;6190;7908;13685;14167;43,9;35,1;78,9;11717;3532;8185;3686;4499;838;2,40
"Alblasserdam";20069;40,8;2286;1273;1318;1293;3884;2475;2350;2185;2906;2309;2066;1380;514;4535;5215;10216;9853;47,5;36,3;83,8;8166;2442;5724;2502;3222;582;2,46
"Albrandswaard";25271;41,4;1165;1283;1571;1714;4568;2788;2360;3358;4285;3576;2580;1265;491;5718;7861;12753;12518;41,9;29,4;71,3;10180;2661;7519;3097;4422;817;2,49
"Alkmaar";108558;42,3;983;5479;5770;5691;16940;11838;14340;13581;15797;15147;12542;6144;2229;27921;30944;54863;53695;35,6;32,4;68,0;51654;20930;30724;14130;16594;4239;2,12
"Almelo";72849;42,0;1083;3475;3861;4411;11747;8931;8575;8772;11043;9610;8157;4410;1604;17347;20653;36428;36421;39,1;33,6;72,7;32679;11985;20694;9211;11483;2669;2,25
"Almere";207904;37,9;1609;12548;13114;13405;39067;26989;29526;28245;31862;28781;15681;5762;1991;57771;60643;104822;103082;40,5;17,9;58,4;87390;27837;59553;21444;38109;10658;2,39
"Alphen aan den Rijn";110986;41,7;879;5671;6280;6511;18462;13105;13285;13878;16452;14972;12446;6254;2132;27163;31424;55703;55283;39,5;32,2;71,7;48241;15857;32384;14972;17412;3402;2,32
"Alphen-Chaam";10149;44,6;109;472;526;511;1509;1158;897;1093;1550;1656;1326;736;224;1990;3206;4955;5194;37,2;39,9;77,1;4172;1019;3153;1621;1532;234;2,44
"Altena";55386;41,5;276;3040;3279;3514;9833;6774;6123;6249;8299;7359;6378;3281;1090;12372;15658;27510;27876;43,3;34,5;77,8;22014;5909;16105;7279;8826;1227;2,53
"Ameland";3673;43,6;62;168;198;219;585;381;445;403;519;512;503;254;71;848;1031;1854;1819;35,7;39,5;75,2;1712;665;1047;540;507;78;2,17
"Amersfoort";156286;39,4;2496;8993;9786;10140;28919;18740;20573;21107;24589;19380;13453;6736;2789;41680;43969;79249;77037;41,6;24,4;66,0;68517;25051;43466;18071;25395;5286;2,29
"Amstelveen";90838;41,3;2209;5132;5763;5017;15912;10655;11281;12348;12284;10957;8914;5681;2806;23629;23241;47188;43650;39,5;33,0;72,5;43326;18754;24572;10215;14357;3111;2,10
"Amsterdam";862965;38,3;5214;46291;40973;38338;125602;108487;186331;124737;113350;96478;65993;30877;11110;311068;209828;435178;427787;28,3;18,3;46,6;470223;257453;212770;98584;114186;40415;1,83
"Apeldoorn";162445;42,9;478;7879;8537;9141;25557;18750;18823;18667;24053;22899;19443;10274;3979;37490;46952;81565;80880;38,3;36,2;74,5;72894;26307;46587;22346;24241;5163;2,23
"Appingedam";11721;45,3;493;488;566;664;1718;1238;1157;1219;1719;1772;1628;949;321;2376;3491;6001;5720;37,8;45,3;83,1;5531;2097;3434;1729;1705;470;2,13
"Arnhem";159265;39,6;1628;8169;8606;8423;25198;21175;25058;21635;23025;19054;14379;6966;2775;46693;42079;79692;79573;34,1;23,9;58,1;80150;38424;41726;18958;22768;6569;1,99
"Assen";67963;42,4;830;3195;3724;4217;11136;7943;7418;8227;10325;9438;7761;4160;1555;15645;19763;34320;33643;40,3;34,7;75,0;31026;11815;19211;8950;10261;2564;2,21
"Asten";16710;43,7;238;757;801;962;2520;1994;1822;1740;2464;2484;2161;1181;344;3562;4948;8118;8592;38,0;39,0;77,0;7131;2279;4852;2319;2533;380;2,36
"Baarle-Nassau";6847;46,7;90;292;313;323;928;625;674;760;938;1095;1033;600;194;1434;2033;3370;3477;33,9;48,7;82,6;3065;999;2066;1079;987;189;2,23
"Baarn";24767;44,5;761;1189;1355;1389;3933;2468;2399;2805;3717;3670;3140;1842;793;5204;7387;12782;11985;39,3;42,4;81,7;11080;4223;6857;3252;3605;771;2,24
"Barendrecht";48673;40,9;2464;2496;3062;3381;8939;6218;4349;6092;8451;6276;4868;2579;901;10441;14727;24674;23999;45,3;30,1;75,4;19259;4796;14463;5839;8624;1534;2,54
"Barneveld";57971;38,3;330;4214;4203;4011;12428;7976;7484;6244;7564;6788;5196;3097;1194;13728;14352;29054;28917;52,5;29,8;82,4;21881;6119;15762;6601;9161;1086;2,66
"Beek";15929;46,8;757;601;633;679;1913;1643;1719;1562;2355;2662;2246;1359;470;3281;5017;8155;7774;30,9;45,0;76,0;7340;2334;5006;2670;2336;502;2,18
"Beekdaelen";35727;46,8;456;1379;1553;1669;4601;3570;3377;3671;5313;5965;5197;3008;1025;7048;11278;17942;17785;32,6;46,2;78,8;16097;4829;11268;5930;5338;1092;2,24
"Beemster";9748;42,7;138;542;570;518;1630;1098;982;1150;1502;1428;1141;602;215;2132;2930;4899;4849;39,8;35,1;75,0;3947;1057;2890;1290;1600;243;2,47
"Beesel";13519;44,8;483;564;637;725;1926;1522;1359;1421;2087;2088;1811;983;322;2780;4175;6712;6807;35,8;40,7;76,4;5892;1701;4191;2096;2095;365;2,30
"Berg en Dal";34798;45,7;403;1390;1527;1751;4668;3874;3366;3419;5448;5552;4791;2651;1029;6785;11000;17474;17324;34,8;43,4;78,2;15702;5410;10292;5187;5105;1018;2,23
"Bergeijk";18491;44,0;183;804;853;1049;2706;2240;1952;1893;2769;2868;2336;1329;398;3845;5637;9051;9440;36,6;38,5;75,0;7778;2164;5614;2774;2840;438;2,39
"Bergen (L.)";13140;45,6;127;520;547;686;1753;1462;1250;1265;2110;2235;1814;948;303;2515;4345;6565;6575;33,6;40,6;74,3;5621;1560;4061;2063;1998;332;2,35
"Bergen (NH.)";29974;49,3;303;858;1195;1558;3611;3221;1772;2447;4607;4742;5321;3041;1212;4219;9349;15507;14467;37,0;64,3;101,3;13852;5110;8742;4604;4138;952;2,18
"Bergen op Zoom";66811;43,6;836;3174;3334;3478;9986;7453;7626;7505;10266;9733;8330;4412;1500;15131;19999;33659;33152;36,1;36,9;72,9;29991;10345;19646;9642;10004;2263;2,24
"Berkelland";43904;45,3;170;1701;2069;2616;6386;4982;3968;4239;6839;6684;6192;3466;1148;8207;13523;21913;21991;38,6;45,3;83,9;18805;5564;13241;6726;6515;1011;2,36
"Bernheze";30806;42,8;343;1441;1599;1860;4900;3902;3262;3351;4577;4481;3597;1975;761;6613;9058;15277;15529;40,5;36,4;76,9;12345;3270;9075;4114;4961;736;2,51
"Best";29821;42,5;869;1400;1529;1744;4673;3758;3241;3243;4859;4408;3173;1874;592;6484;9267;14894;14927;38,9;32,4;71,3;12653;3653;9000;4068;4932;911;2,37
"Beuningen";25882;43,2;593;1286;1241;1380;3907;2976;2723;2851;4162;4309;3037;1470;447;5574;8471;12958;12924;36,4;32,3;68,7;11094;3090;8004;3768;4236;761;2,33
"Beverwijk";41176;41,6;2238;2179;2180;2220;6579;4626;5847;4965;6189;5514;4196;2300;960;10812;11703;20594;20582;36,0;30,1;66,0;18921;7287;11634;5048;6586;1602;2,18
"Bladel";20175;43,5;268;929;1034;1127;3090;2361;2252;2177;2981;2989;2439;1426;460;4429;5970;9948;10227;38,1;37,7;75,8;8503;2512;5991;2920;3071;490;2,37
"Blaricum";11202;43,9;1008;718;649;639;2006;1048;1006;1265;1576;1480;1778;828;215;2271;3056;5747;5455;47,0;49,5;96,5;4845;1470;3375;1593;1782;324;2,28
"Bloemendaal";23410;45,4;588;988;1530;1652;4170;2514;1151;2390;3642;3374;3180;1997;992;3541;7016;12089;11321;51,0;54,0;105,0;9724;3063;6661;3065;3596;610;2,40
"Bodegraven-Reeuwijk";34462;41,7;457;1981;1993;2129;6103;4195;3848;3819;4984;4668;3978;2164;703;7667;9652;17234;17228;43,7;35,6;79,3;14161;4039;10122;4671;5451;844;2,45
"Boekel";10588;41,7;307;516;529;693;1738;1382;1228;1160;1631;1468;1178;610;193;2388;3099;5186;5402;40,6;32,4;73,0;4062;1026;3036;1340;1696;225;2,62
"Borger-Odoorn";25372;45,8;92;1015;1201;1332;3548;2687;2217;2441;4115;4182;3700;1877;605;4658;8297;12669;12703;35,6;43,7;79,3;11123;3095;8028;4386;3642;623;2,29
"Borne";23210;42,7;893;1293;1370;1402;4065;2484;2540;2697;3265;3171;2815;1637;536;5237;6436;11649;11561;43,1;39,2;82,2;9657;2642;7015;3316;3699;593;2,40
"Borsele";22800;42,4;161;1196;1307;1389;3892;2672;2453;2446;3367;3382;2610;1430;548;4899;6749;11243;11557;41,8;35,7;77,5;9507;2808;6699;3249;3450;548;2,40
"Boxmeer";29065;44,6;261;1178;1259;1680;4117;3512;2918;2833;4362;4771;3809;1994;749;5751;9133;14492;14573;35,8;39,5;75,4;12355;3604;8751;4476;4275;730;2,37
"Boxtel";30747;43,3;482;1360;1506;1931;4797;3583;3347;3534;4444;4376;3958;1963;745;6881;8820;15453;15294;39,1;38,5;77,6;13560;4665;8895;4317;4578;935;2,29
"Breda";183873;41,0;1462;8985;9617;10074;28676;25408;25487;22466;25810;22459;18600;10718;4249;47953;48269;93337;90536;36,1;30,4;66,4;88250;37555;50695;24085;26610;6278;2,08
"Brielle";17182;44,5;624;744;798;838;2380;1894;1881;1894;2767;2528;2232;1209;397;3775;5295;8745;8437;34,4;38,7;73,1;7740;2484;5256;2629;2627;561;2,22
"Bronckhorst";36212;46,3;128;1261;1608;2072;4941;4184;2754;3217;5879;6054;5268;2895;1020;5971;11933;18158;18054;37,7;46,8;84,5;15531;4392;11139;5825;5314;752;2,34
"Brummen";20698;46,0;247;808;918;1081;2807;2315;1859;2034;3224;3266;2839;1785;569;3893;6490;10450;10248;35,6;45,4;81,0;9029;2623;6406;3368;3038;562;2,30
"Brunssum";28103;46,1;1629;1090;1233;1275;3598;2789;3023;2938;4354;4591;3765;2260;785;5961;8945;14297;13806;31,2;42,0;73,2;13634;5252;8382;4293;4089;1132;2,07
"Bunnik";15192;43,4;411;835;952;955;2742;1603;1226;1784;2247;2226;1753;1192;419;3010;4473;7674;7518;45,6;41,4;87,0;6445;1981;4464;2050;2414;356;2,35
"Bunschoten";21576;38,9;710;1347;1437;1403;4187;2812;2953;2694;2983;2426;2124;1089;308;5647;5409;10812;10764;45,5;28,4;73,9;8216;2045;6171;2496;3675;432;2,64
"Buren";26568;43,2;198;1197;1475;1509;4181;3061;2543;2924;4400;4165;3367;1485;442;5467;8565;13254;13314;38,5;34,5;73,0;10906;2730;8176;3934;4242;666;2,45
"Capelle aan den IJssel";66818;42,4;4725;3580;3729;3564;10873;7494;8256;7832;9247;9724;7995;3814;1583;16088;18971;34547;32271;38,2;34,6;72,8;30986;11698;19288;8452;10836;3439;2,17
"Castricum";35772;45,1;720;1577;1701;1934;5212;4218;3336;3495;5415;5304;4789;2925;1078;6831;10719;18138;17634;38,8;45,2;84,0;15678;5128;10550;5074;5476;928;2,28
"Coevorden";35483;45,0;120;1520;1746;1980;5246;3919;3280;3651;5456;5490;4793;2647;1001;6931;10946;17780;17703;38,5;43,2;81,7;15442;4778;10664;5433;5231;1000;2,30
"Cranendonck";20440;44,9;268;881;1031;1024;2936;2214;2043;2173;3081;3131;2845;1551;466;4216;6212;10159;10281;35,6;42,3;77,9;8834;2548;6286;3222;3064;533;2,33
"Cuijk";24931;43,5;487;1162;1255;1334;3751;2950;2598;2825;3922;3610;3097;1688;490;5423;7532;12518;12413;37,0;36,8;73,7;10858;3380;7478;3619;3859;759;2,30
"Culemborg";28555;41,6;975;1436;1642;1729;4807;3444;3155;3347;4603;4053;3070;1531;545;6502;8656;14408;14147;40,4;30,9;71,2;12324;4058;8266;3616;4650;937;2,33
"Dalfsen";28499;42,6;173;1495;1579;1811;4885;3508;2836;2950;4252;4181;3251;1988;648;5786;8433;14104;14395;43,9;37,5;81,3;11442;3005;8437;3930;4507;517;2,51
"Dantumadiel";18923;43,0;224;970;1067;1101;3138;2276;1947;2002;2695;2738;2384;1319;424;3949;5433;9408;9515;41,9;39,6;81,4;7756;2274;5482;2529;2953;417;2,44
"De Bilt";42824;44,4;648;2100;2409;2706;7215;4603;3577;4683;6283;6269;5228;3296;1670;8260;12552;22266;20558;44,0;45,0;89,0;19190;7158;12032;5520;6512;1323;2,22
"De Fryske Marren";51430;43,9;146;2262;2854;3131;8247;5827;4955;5489;7783;7407;6817;3612;1293;10444;15190;25570;25860;41,4;41,7;83,1;22168;6929;15239;7566;7673;1257;2,35
"De Ronde Venen";44059;43,3;441;2131;2194;2568;6893;5204;4328;4736;7174;6754;5196;2837;937;9064;13928;22236;21823;38,8;35,5;74,3;18885;5701;13184;5984;7200;1377;2,35
"De Wolden";24110;44,8;107;1078;1191;1321;3590;2847;2167;2294;3752;3782;3144;1828;706;4461;7534;12079;12031;40,0;43,1;83,2;10140;2862;7278;3697;3581;552;2,39
"Delft";103163;39,1;4555;4408;4245;4019;12672;20622;18930;10906;11785;12040;9576;4656;1976;29836;23825;48332;54831;27,3;23,7;51,0;58742;33708;25034;12719;12315;3517;1,76
"Delfzijl";24716;45,7;186;1073;1125;1300;3498;2625;2401;2455;3712;3840;3363;2117;705;4856;7552;12308;12408;35,7;45,3;81,0;11571;4292;7279;3745;3534;951;2,14
"Den Haag";537833;39,0;6523;31560;31247;29725;92532;66099;83922;78103;77683;61474;45585;22778;9657;162025;139157;271055;266778;36,6;23,2;59,8;263371;125380;137991;55800;82191;24749;2,04
"Den Helder";55604;44,3;1229;2563;2619;2862;8044;5970;6402;6083;8138;8452;7349;3846;1320;12485;16590;28123;27481;34,6;39,1;73,6;26774;10791;15983;7917;8066;2380;2,10
"Deurne";32362;43,4;277;1584;1626;1753;4963;3877;3571;3380;4669;5071;3892;2242;697;6951;9740;16060;16302;37,6;36,8;74,4;13688;4140;9548;4655;4893;818;2,38
"Deventer";99957;41,3;765;4980;5502;5882;16364;12280;12504;12819;15100;13009;10125;5477;2279;25323;28109;50527;49430;38,0;30,1;68,1;46069;17924;28145;12868;15277;3517;2,18
"Diemen";29196;39,5;2435;1606;1454;1343;4403;4669;4623;3617;3580;3719;2608;1408;569;8240;7299;14933;14263;32,7;24,7;57,5;14658;6867;7791;3382;4409;1244;1,99
"Dinkelland";26350;43,5;150;1140;1242;1626;4008;3552;2703;2514;3903;3960;3098;1889;723;5217;7863;12918;13432;40,7;38,9;79,6;10250;2639;7611;3400;4211;502;2,59
"Doesburg";11148;46,1;967;386;476;580;1442;1256;946;1106;1850;1748;1724;833;243;2052;3598;5690;5458;34,1;45,0;79,1;5235;1869;3366;1688;1678;423;2,15
"Doetinchem";57555;43,1;728;2794;2866;3267;8927;6682;6342;6589;8789;8294;6888;3700;1344;12931;17083;28997;28558;38,2;36,1;74,3;25651;8921;16730;8035;8695;1758;2,26
"Dongen";26051;43,2;891;1259;1306;1403;3968;2989;2936;2940;4006;3746;3172;1698;596;5876;7752;13022;13029;37,1;36,4;73,6;11056;3206;7850;3709;4141;735;2,35
"Dordrecht";118654;42,0;1511;5992;6411;6265;18668;13970;15417;14464;17721;15932;12854;6850;2778;29881;33653;59983;58671;36,5;31,9;68,5;54645;21403;33242;14895;18347;4711;2,16
"Drechterland";19597;42,8;333;979;1023;1176;3178;2373;2060;2151;2898;2779;2580;1215;363;4211;5677;9678;9919;41,3;38,1;79,4;8119;2251;5868;2800;3068;497;2,41
"Drimmelen";27150;44,5;285;1155;1317;1378;3850;3031;2788;2936;4219;4300;3641;1812;573;5724;8519;13560;13590;35,0;38,5;73,4;11533;3175;8358;4223;4135;637;2,37
"Dronten";40815;41,1;122;2004;2341;2503;6848;5536;4700;4645;6264;5556;4200;2235;831;9345;11820;20346;20469;41,6;30,7;72,2;17340;5275;12065;5784;6281;1163;2,37
"Druten";18797;42,8;499;840;985;1112;2937;2236;1964;2146;3107;2836;2131;1103;337;4110;5943;9424;9373;38,1;32,4;70,5;7773;2141;5632;2616;3016;567;2,42
"Duiven";25332;43,0;747;1066;1268;1458;3792;3242;2423;2647;4390;4186;2757;1415;480;5070;8576;12816;12516;37,7;31,0;68,7;10696;2948;7748;3484;4264;780;2,38
"Echt-Susteren";31638;46,8;307;1181;1314;1407;3902;3060;3103;3273;4870;5459;4626;2480;865;6376;10329;15770;15868;30,5;43,9;74,4;14197;4474;9723;5096;4627;924;2,24
"Edam-Volendam";36099;42,6;664;1657;1867;2269;5793;4577;3617;4217;5398;4998;4641;2298;560;7834;10396;18060;18039;40,7;36,9;77,6;14803;4157;10646;4662;5984;864;2,45
"Ede";115710;40,4;364;6757;6822;7199;20778;15647;14520;13131;15717;14880;11763;6603;2671;27651;30597;58535;57175;43,9;32,0;75,8;48772;16766;32006;14693;17313;2686;2,37
"Eemnes";9113;43,2;294;440;470;567;1477;1108;763;1004;1526;1386;1135;553;161;1767;2912;4612;4501;42,4;36,2;78,6;3863;1133;2730;1204;1526;299;2,38
"Eersel";19110;44,3;232;898;938;1013;2849;2142;1985;2053;2760;3087;2292;1463;479;4038;5847;9436;9674;36,1;38,7;74,9;8002;2328;5674;2850;2824;416;2,41
"Eijsden-Margraten";25658;45,6;331;1218;1126;1164;3508;2774;2664;2494;3697;4174;3572;2112;663;5158;7871;12815;12843;35,6;44,6;80,1;11003;2950;8053;4129;3924;574;2,33
"Eindhoven";231642;40,3;2643;10914;11120;10969;33003;32174;40354;30840;30325;26305;20699;12704;5238;71194;56630;112485;119157;31,1;26,3;57,4;119545;57791;61754;30289;31465;8214;1,94
"Elburg";23086;41,0;362;1327;1476;1488;4291;2841;2561;2664;3375;2849;2653;1356;496;5225;6224;11570;11516;46,5;35,5;82,0;9065;2407;6658;2998;3660;501;2,54
"Emmen";107113;44,2;320;4555;5346;5834;15735;12206;11205;11712;16284;15823;13900;7677;2571;22917;32107;53824;53289;37,0;39,9;76,8;48429;16617;31812;15688;16124;3663;2,22
"Enkhuizen";18507;43,2;1460;880;980;1072;2932;1972;2151;2225;2687;2550;2408;1189;393;4376;5237;9222;9285;37,6;37,8;75,4;8563;3208;5355;2591;2764;688;2,17
"Enschede";158986;40,5;1129;7395;8069;8354;23818;24864;22209;19077;22051;18911;16027;8952;3077;41286;40962;77838;81148;35,1;29,0;64,1;78627;35999;42628;20139;22489;5760;2,03
"Epe";33145;45,1;212;1515;1632;1744;4891;3740;3200;3308;4842;4919;4588;2665;992;6508;9761;16656;16489;38,8;46,0;84,8;14133;4256;9877;4981;4896;791;2,34
"Ermelo";26858;43,9;314;1262;1339;1531;4132;3274;2839;2694;3884;3814;3441;2025;755;5533;7698;13521;13337;40,2;42,3;82,5;11200;3800;7400;3581;3819;617;2,41
"Etten-Leur";43774;42,5;792;2238;2452;2630;7320;4746;4880;5526;6503;5955;5298;2695;851;10406;12458;22197;21577;39,6;35,3;74,9;18754;5595;13159;6174;6985;1392;2,35
"Geertruidenberg";21515;43,1;808;1019;1202;1220;3441;2265;2417;2552;3337;3018;2719;1346;420;4969;6355;10840;10675;38,0;36,3;74,4;9326;2768;6558;3109;3449;652;2,30
"Geldrop-Mierlo";39595;43,5;1277;1943;2069;2144;6156;4367;4348;4626;5851;5642;4801;2851;953;8974;11493;19953;19642;38,3;38,4;76,7;17677;5826;11851;5684;6167;1285;2,25
"Gemert-Bakel";30447;42,3;249;1564;1720;1657;4941;3457;3679;3511;4431;4577;3485;1780;586;7190;9008;15031;15416;37,6;32,7;70,4;12850;3773;9077;4222;4855;808;2,37
"Gennep";17071;44,8;358;725;887;945;2557;1800;1539;1894;2575;2789;2302;1228;387;3433;5364;8363;8708;37,2;40,8;78,0;7216;2255;4961;2432;2529;444;2,38
"Gilze en Rijen";26431;42,9;404;1296;1429;1469;4194;3038;2914;3029;3982;3823;3236;1720;495;5943;7805;13239;13192;38,3;35,9;74,2;11185;3250;7935;3860;4075;795;2,38
"Goeree-Overflakkee";49611;43,3;190;2435;2598;2931;7964;5675;5159;5575;7489;7060;5978;3413;1298;10734;14549;25105;24506;39,7;38,4;78,1;20939;6368;14571;7304;7267;1062;2,37
"Goes";37653;44,5;407;1644;1823;1966;5433;4210;4060;4210;5638;5256;4838;2763;1245;8270;10894;19205;18448;36,7;42,0;78,7;17496;6677;10819;5496;5323;1173;2,17
"Goirle";23793;43,7;553;1172;1443;1411;4026;2380;2233;2875;3360;3522;3252;1660;485;5108;6882;11962;11831;41,5;41,5;83,0;10090;2803;7287;3546;3741;682;2,36
"Gooise Meren";57715;42,7;1388;3104;3736;4012;10852;6030;4909;6943;9145;7570;6312;4119;1835;11852;16715;29845;27870;47,6;39,8;87,4;25828;10002;15826;6681;9145;1846;2,24
"Gorinchem";36682;41,5;1948;1946;1946;2107;5999;4384;4676;4501;5690;4760;3765;2115;792;9177;10450;18512;18170;38,1;30,7;68,8;16492;6182;10310;4590;5720;1234;2,23
"Gouda";73181;41,5;4435;3895;4007;4288;12190;8735;9556;8724;10414;9756;7890;4246;1670;18280;20170;37279;35902;39,1;32,3;71,4;33294;12864;20430;9442;10988;2411;2,20
"Grave";12483;44,0;459;516;653;684;1853;1436;1254;1381;1921;1868;1663;833;274;2635;3789;6144;6339;36,9;39,1;76,0;5299;1693;3606;1775;1831;341;2,36
"Groningen";231299;38,1;1246;9862;9590;9370;28822;50342;42342;25544;26420;24480;19542;9684;4123;67886;50900;116362;114937;28,2;21,6;49,8;135076;79635;55441;29723;25718;7645;1,71
"Gulpen-Wittem";14246;48,4;195;492;521;566;1579;1330;1365;1291;2083;2648;2251;1267;432;2656;4731;7028;7218;28,5;49,3;77,8;6529;2053;4476;2497;1979;349;2,19
"Haaksbergen";24277;44,6;232;1048;1201;1445;3694;2786;2251;2443;3822;3521;3175;1989;596;4694;7343;12128;12149;40,2;43,6;83,8;10179;2964;7215;3481;3734;575;2,40
"Haaren";14195;44,8;246;562;631;778;1971;1716;1318;1409;2316;2246;1909;1037;273;2727;4562;6994;7201;36,1;39,9;76,0;5858;1635;4223;2115;2108;315;2,45
"Haarlem";161265;40,7;5528;9303;9412;8523;27238;16520;24117;23004;23335;19580;15586;8457;3428;47121;42915;82265;79000;36,1;27,9;64,0;77813;34113;43700;19111;24589;5934;2,08
"Haarlemmermeer";154235;40,9;781;7396;8928;10341;26665;19194;16849;19215;25952;20618;15618;7693;2431;36064;46570;77478;76757;40,8;28,2;69,0;64812;19813;44999;18030;26969;5424;2,39
"Halderberge";30194;44,7;405;1414;1406;1537;4357;3252;3111;3283;4668;4534;4068;2197;724;6394;9202;15134;15060;35,5;40,8;76,3;13170;3936;9234;4712;4522;857;2,30
"Hardenberg";60574;41,2;194;3289;3587;3813;10689;7774;6846;6869;8916;8351;6370;3555;1204;13715;17267;29849;30725;43,4;32,3;75,7;24122;6753;17369;7799;9570;1323;2,53
"Harderwijk";47581;40,9;1223;2590;2957;2976;8523;5587;5735;6088;6912;6091;5055;2630;960;11823;13003;24071;23510;42,4;31,6;74,1;20181;6672;13509;5960;7549;1469;2,36
"Hardinxveld-Giessendam";18051;40,0;1067;1142;1119;1232;3493;2314;2321;1993;2422;2153;1842;1083;430;4314;4575;9037;9014;47,2;33,6;80,8;7019;1922;5097;2229;2868;318;2,58
"Harlingen";15758;44,8;631;679;771;970;2420;1755;1445;1634;2391;2234;2258;1257;364;3079;4625;7834;7924;40,6;45,9;86,5;7433;2888;4545;2296;2249;575;2,14
"Hattem";12173;43,0;527;643;697;787;2127;1382;1181;1339;1771;1672;1512;872;317;2520;3443;6121;6052;45,0;41,4;86,4;5045;1459;3586;1714;1872;261;2,41
"Heemskerk";39164;44,0;1432;1753;2006;2102;5861;4522;4308;4240;5716;5926;4520;2961;1110;8548;11642;19995;19169;36,8;38,4;75,3;17282;5753;11529;5323;6206;1420;2,27
"Heemstede";27286;45,4;2972;1425;1712;1689;4826;2562;1805;3070;3905;3846;3622;2480;1170;4875;7751;14386;12900;47,5;53,6;101,1;12021;4362;7659;3452;4207;778;2,27
"Heerde";18546;44,2;236;888;1027;1079;2994;2023;1672;2000;2810;2712;2458;1377;500;3672;5522;9397;9149;41,3;43,1;84,4;7593;1981;5612;2821;2791;363;2,45
"Heerenveen";50257;43,2;264;2412;2682;2997;8091;5757;5241;5711;7828;6831;5991;3466;1341;10952;14659;25273;24984;40,4;38,4;78,9;22622;8066;14556;6914;7642;1638;2,22
"Heerhugowaard";56742;40,2;1485;3204;3520;3627;10351;6827;7001;7451;8498;6682;6166;3038;728;14452;15180;28065;28677;43,4;30,4;73,8;23386;7042;16344;6952;9392;1929;2,42
"Heerlen";86832;45,1;1932;3511;3788;3782;11081;9075;10764;9820;12612;13697;10911;6342;2530;20584;26309;43750;43082;30,2;38,4;68,6;45083;20709;24374;12390;11984;4095;1,93
"Heeze-Leende";15964;45,3;153;717;734;814;2265;1768;1514;1632;2364;2601;2103;1267;450;3146;4965;7905;8059;36,5;42,9;79,5;6687;1885;4802;2427;2375;347;2,39
"Heiloo";23464;46,1;1255;966;1186;1386;3538;2559;1782;2317;3646;3403;3205;2181;833;4099;7049;11879;11585;41,5;51,0;92,5;10572;3726;6846;3369;3477;616;2,23
"Hellendoorn";35808;43,2;260;1690;1921;2286;5897;4140;3727;4032;5057;5179;4492;2452;832;7759;10236;17923;17885;41,5;39,2;80,7;14642;4056;10586;4986;5600;822;2,46
"Hellevoetsluis";40049;43,4;974;1756;2113;2308;6177;4258;4356;4814;6009;6049;5418;2249;719;9170;12058;20230;19819;36,3;36,1;72,5;17962;5764;12198;5851;6347;1508;2,23
"Helmond";91524;41,1;1721;4559;5158;5570;15287;11000;11260;11575;14858;11843;9342;4881;1478;22835;26701;45302;46222;39,0;28,8;67,7;40528;13951;26577;11674;14903;3337;2,27
"Hendrik-Ido-Ambacht";30966;39,4;2919;2082;2230;2099;6411;3502;3678;4150;4335;3738;2905;1641;606;7828;8073;15753;15213;47,7;29,5;77,2;12145;3039;9106;3759;5347;785;2,55
"Hengelo";80683;42,6;1326;3575;4087;4728;12390;9827;9671;9687;12062;10932;8947;5104;2063;19358;22994;40214;40469;37,5;34,3;71,8;37689;14660;23029;10875;12154;2750;2,16
"Het Hogeland";47888;44,2;99;2192;2455;2790;7437;5410;4471;5043;7100;7416;6719;3188;1104;9514;14516;23822;24066;40,5;42,0;82,5;21391;7317;14074;6997;7077;1478;2,25
"Heumen";16486;45,2;415;704;803;907;2414;1947;1322;1623;2612;2652;2164;1321;431;2945;5264;8307;8179;39,6;43,5;83,0;7100;2157;4943;2395;2548;446;2,33
"Heusden";44135;43,1;560;2083;2310;2489;6882;5136;4749;5037;6853;6482;5253;2859;884;9786;13335;21996;22139;37,4;35,2;72,6;18702;5359;13343;6334;7009;1157;2,37
"Hillegom";21966;43,1;1707;1097;1167;1205;3469;2321;2593;2619;3307;3131;2558;1428;540;5212;6438;11074;10892;37,3;35,6;72,9;9742;3257;6485;3102;3383;665;2,25
"Hilvarenbeek";15334;44,3;162;665;739;905;2309;1764;1395;1647;2388;2422;1942;1157;310;3042;4810;7629;7705;38,3;39,5;77,8;6398;1760;4638;2291;2347;319;2,42
"Hilversum";90238;41,6;1978;4888;5100;5303;15291;9778;11540;12037;13470;11000;9195;5523;2404;23577;24470;45958;44280;39,0;32,5;71,5;42515;17728;24787;10919;13868;3254;2,12
"Hoeksche Waard";86656;43,7;322;4134;4562;4971;13667;9639;8604;9662;13445;12471;11356;5837;1975;18266;25916;43762;42894;39,2;39,5;78,8;36825;10472;26353;12950;13403;2226;2,36
"Hof van Twente";34940;45,2;164;1404;1692;2074;5170;4052;3086;3555;5360;5020;4677;2970;1050;6641;10380;17550;17390;39,6;46,2;85,8;14854;4506;10348;5086;5262;797;2,38
"Hollands Kroon";47815;42,9;134;2257;2457;2824;7538;5761;5049;5216;7488;6960;5830;3057;916;10265;14448;23558;24257;39,5;36,0;75,5;20458;6093;14365;6969;7396;1301;2,36
"Hoogeveen";55662;42,5;436;2813;3209;3354;9376;6465;6313;6614;7728;7377;6561;3809;1419;12927;15105;27791;27871;41,6;38,0;79,6;24226;8270;15956;7528;8428;1769;2,31
"Hoorn";73004;41,6;3582;3923;4064;4129;12116;8594;8979;9118;10759;9555;8661;3936;1286;18097;20314;36985;36019;39,4;32,7;72,1;32987;12006;20981;9128;11853;3053;2,22
"Horst aan de Maas";42291;43,9;224;1812;2030;2275;6117;5033;4588;4475;6503;6609;4989;2964;1013;9063;13112;20950;21341;36,2;36,6;72,8;17869;5198;12671;6245;6426;953;2,37
"Houten";49911;39,8;908;2793;3211;3766;9770;5904;5267;6152;7743;7933;4563;1870;709;11419;15676;25341;24570;44,9;24,2;69,1;20151;5486;14665;5962;8703;1486;2,49
"Huizen";41273;44,3;2611;1940;2140;2382;6462;4553;3928;4289;6050;6569;5528;2867;1027;8217;12619;21324;19949;39,5;41,3;80,8;18391;6321;12070;5663;6407;1455;2,26
"Hulst";27524;46,3;136;1116;1147;1395;3658;2622;2630;2942;4445;4429;3798;2156;844;5572;8874;13732;13792;32,6;43,5;76,2;12593;4129;8464;4608;3856;716;2,19
"IJsselstein";34160;41,2;1621;1661;1933;2320;5914;4299;3418;4201;5814;4598;3479;1774;663;7619;10412;17564;16596;42,6;29,9;72,5;14363;4392;9971;4095;5876;1254;2,39
"Kaag en Braassem";26866;43,3;425;1235;1459;1492;4186;3083;2864;2953;4141;4125;3261;1693;560;5817;8266;13252;13614;38,0;35,6;73,7;11429;3338;8091;3825;4266;714;2,37
"Kampen";53779;39,3;378;3338;3573;3597;10508;6937;6918;6670;7391;6321;5115;2917;1002;13588;13712;26889;26890;46,9;29,7;76,6;21888;6816;15072;6529;8543;1312;2,46
"Kapelle";12785;42,1;344;658;788;857;2303;1485;1286;1479;1862;1748;1486;800;336;2765;3610;6394;6391;45,2;37,5;82,7;5239;1398;3841;1821;2020;297;2,44
"Katwijk";65302;40,1;2638;3871;4131;4212;12214;8084;8359;7821;9100;8237;6750;3577;1160;16180;17337;32877;32425;44,0;30,7;74,8;26246;7982;18264;7628;10636;1599;2,49
"Kerkrade";45642;46,8;2083;1747;1949;1907;5603;4077;4917;4944;6787;7759;6511;3790;1254;9861;14546;22788;22854;28,8;43,7;72,5;22797;9248;13549;7249;6300;1881;2,01
"Koggenland";22738;42,3;283;1149;1226;1378;3753;2888;2327;2461;3477;3276;2735;1352;469;4788;6753;11260;11478;42,1;35,6;77,7;9251;2622;6629;2987;3642;549;2,46
"Krimpen aan den IJssel";29376;43,4;3820;1568;1662;1832;5062;3536;2899;3059;4015;3768;3713;2433;891;5958;7783;15197;14179;45,8;45,9;91,8;12352;3738;8614;4011;4603;988;2,39
"Krimpenerwaard";56048;42,4;378;2984;3105;3247;9336;7086;6135;6034;8175;7601;6674;3699;1308;12169;15776;28260;27788;41,9;37,4;79,3;23587;7191;16396;7862;8534;1335;2,38
"Laarbeek";22333;43,8;403;981;1138;1289;3408;2566;2283;2495;3366;3340;2847;1560;468;4778;6706;11035;11298;38,2;38,6;76,8;9384;2634;6750;3254;3496;531;2,39
"Landerd";15529;43,4;221;694;840;899;2433;1913;1561;1605;2311;2380;1980;1026;320;3166;4691;7600;7929;39,2;37,9;77,2;6264;1739;4525;2094;2431;337;2,50
"Landgraaf";37591;46,4;1529;1449;1631;1684;4764;3624;3955;3870;5631;6457;5450;2866;974;7825;12088;19053;18538;31,0;43,0;74,0;17688;6096;11592;6126;5466;1395;2,14
"Landsmeer";11488;43,2;510;624;705;632;1961;1241;1039;1356;1770;1710;1369;767;275;2395;3480;5970;5518;41,2;37,5;78,7;4866;1406;3460;1458;2002;422;2,35
"Langedijk";27992;42,4;1172;1430;1506;1727;4663;3413;2852;3231;4212;3931;3572;1621;497;6083;8143;14075;13917;41,8;36,2;78,0;11639;3193;8446;3879;4567;848;2,42
"Lansingerland";61601;39,0;1153;4066;4647;4515;13228;7076;5800;8890;10071;7252;5369;2882;1033;14690;17323;31102;30499;50,0;26,6;76,6;23531;5310;18221;6798;11423;1893;2,62
"Laren";11195;48,2;902;476;567;682;1725;1045;576;1098;1664;1588;1690;1155;654;1674;3252;5903;5292;46,3;66,5;112,8;4954;1804;3150;1547;1603;377;2,25
"Leeuwarden";123107;41,0;516;6033;6298;6325;18656;18126;16935;14661;16411;15704;13033;6890;2691;31596;32115;61980;61127;35,5;30,5;66,0;62411;28902;33509;16675;16834;4648;1,98
"Leiden";124899;39,2;5701;5495;5529;5402;16426;22530;22177;14685;15742;14465;11307;5428;2139;36862;30207;64404;60495;28,4;22,9;51,3;68549;37195;31354;15925;15429;3773;1,83
"Leiderdorp";27109;43,8;2341;1319;1486;1528;4333;3059;2592;3028;4185;3819;3448;1944;701;5620;8004;13989;13120;40,2;40,6;80,8;12152;4216;7936;3688;4248;821;2,22
"Leidschendam-Voorburg";75425;43,9;2317;3969;4192;4027;12188;7164;8482;9622;10327;10385;9241;5672;2344;18104;20712;39099;36326;38,2;41,0;79,2;36397;15071;21326;9996;11330;2947;2,07
"Lelystad";77893;40,3;338;4334;4776;5034;14144;9163;9439;10317;11374;9916;9192;3375;973;19756;21290;38845;39048;42,2;29,9;72,1;33951;11476;22475;9501;12974;3530;2,30
"Leudal";35681;45,9;219;1326;1503;1762;4591;4091;3378;3591;5465;5950;4866;2712;1037;6969;11415;17639;18042;34,1;42,7;76,8;15541;4666;10875;5650;5225;847;2,32
"Leusden";30030;43,4;513;1486;1682;1833;5001;3308;2818;3346;4514;4595;3766;2003;679;6164;9109;15307;14723;41,9;38,8;80,7;12887;3928;8959;4278;4681;814;2,35
"Lingewaard";46475;43,3;750;2070;2603;2873;7546;5309;4204;5524;7158;6982;5936;2893;923;9728;14140;23434;23041;41,1;37,5;78,6;19548;5343;14205;6675;7530;1306;2,39
"Lisse";22800;43,8;1453;1107;1196;1259;3562;2495;2443;2590;3348;3254;2856;1646;606;5033;6602;11585;11215;38,9;40,1;79,0;10164;3382;6782;3229;3553;706;2,25
"Lochem";33590;47,2;158;1259;1525;1942;4726;3451;2460;3157;5108;5391;4966;3143;1188;5617;10499;17022;16568;39,4;53,4;92,8;14677;4424;10253;5586;4667;739;2,29
"Loon op Zand";23327;44,1;467;1090;1117;1224;3431;2585;2504;2575;3544;3518;2951;1666;553;5079;7062;11731;11596;36,7;38,9;75,6;10077;2950;7127;3487;3640;637;2,32
"Lopik";14473;40,7;192;741;766;953;2460;2089;1546;1542;2393;1986;1495;754;208;3088;4379;7137;7336;42,6;29,2;71,7;5611;1457;4154;1740;2414;343;2,60
"Loppersum";9614;44,4;87;397;513;537;1447;1052;894;999;1470;1629;1333;573;217;1893;3099;4733;4881;37,6;39,0;76,5;4282;1390;2892;1506;1386;249;2,28
"Losser";22622;44,5;229;954;1129;1333;3416;2579;2193;2331;3371;3460;3100;1685;487;4524;6831;11206;11416;38,9;42,2;81,1;9335;2521;6814;3327;3487;633;2,43
"Maasdriel";24693;42,4;374;1260;1285;1425;3970;2841;2719;2872;3918;3761;2818;1335;459;5591;7679;12156;12537;38,0;31,7;69,7;10272;2936;7336;3341;3995;642;2,43
"Maasgouw";23716;47,2;519;885;903;1007;2795;2402;2312;2267;3617;4176;3546;1949;652;4579;7793;11763;11953;30,4;45,6;76,0;10502;3232;7270;3950;3320;567;2,27
"Maassluis";32768;43,4;3864;1725;1681;1772;5178;3517;3791;3996;4564;4221;4476;2248;777;7787;8785;16691;16077;38,2;41,0;79,3;14756;5016;9740;4724;5016;1160;2,21
"Maastricht";121565;42,8;2171;4168;4275;4347;12790;23204;17177;11510;14795;16186;14354;8354;3195;28687;30981;63346;58219;27,3;34,5;61,8;68504;37332;31172;17325;13847;3973;1,77
"Medemblik";44809;42,6;369;2226;2436;2688;7350;5296;4673;5009;6764;6509;5786;2656;766;9682;13273;22031;22778;40,7;36,4;77,0;18874;5742;13132;6159;6973;1206;2,38
"Meerssen";18923;47,0;702;713;784;983;2480;1914;1642;1827;2957;3097;2772;1661;573;3469;6054;9609;9314;33,9;48,2;82,1;8496;2575;5921;3127;2794;538;2,25
"Meierijstad";80815;42,9;439;3992;4177;4468;12637;9466;9146;9192;12012;11961;9437;5237;1727;18338;23973;40242;40573;38,5;35,3;73,7;34271;10155;24116;11404;12712;2225;2,37
"Meppel";33564;42,1;604;1609;1895;2150;5654;3835;3735;4216;5069;4413;3850;2015;777;7951;9482;17188;16376;40,8;34,7;75,5;15176;5485;9691;4582;5109;1175;2,22
"Middelburg";48544;43,1;1003;2356;2617;2720;7693;5826;5401;5569;6854;6495;5917;3474;1315;10970;13349;25005;23539;40,0;39,6;79,6;22966;9263;13703;6816;6887;1718;2,13
"Midden-Delfland";19391;41,9;411;1025;1190;1145;3360;2479;1883;2209;2989;2903;1980;1108;480;4092;5892;9674;9717;42,1;32,0;74,2;7817;2063;5754;2492;3262;460;2,49
"Midden-Drenthe";33178;44,8;97;1414;1586;1862;4862;3805;3085;3299;5182;5243;4535;2340;827;6384;10425;16622;16556;38,4;41,8;80,2;14381;4282;10099;5255;4844;806;2,32
"Midden-Groningen";60899;44,1;217;2684;3059;3285;9028;6827;6013;6815;9717;9251;7884;4057;1307;12828;18968;30336;30563;36,8;38,0;74,8;27653;9518;18135;9009;9126;2157;2,22
"Mill en Sint Hubert";10891;44,4;209;450;494;623;1567;1278;1078;1102;1794;1752;1344;714;262;2180;3546;5317;5574;35,9;36,8;72,6;4535;1243;3292;1629;1663;228;2,41
"Moerdijk";36961;43,9;232;1657;1898;2044;5599;4049;3814;4068;6019;5455;4702;2415;840;7882;11474;18426;18535;37,2;37,6;74,8;16138;4853;11285;5626;5659;1047;2,31
"Molenlanden";43858;40,5;241;2427;2755;3038;8220;6120;4650;4741;6359;5647;4904;2407;810;9391;12006;21632;22226;47,5;33,5;81,1;16776;4309;12467;5469;6998;869;2,63
"Montferland";36026;45,1;341;1468;1554;1884;4906;4200;3564;3511;5843;5673;4731;2733;865;7075;11516;18014;18012;35,3;40,7;76,0;15588;4533;11055;5491;5564;945;2,32
"Montfoort";13996;41,3;373;734;804;942;2480;1813;1467;1576;2141;1836;1638;847;198;3043;3977;6967;7029;44,7;34,3;79,0;5660;1565;4095;1811;2284;342;2,48
"Mook en Middelaar";7806;47,4;449;246;302;448;996;867;575;650;1308;1330;1186;695;199;1225;2638;3925;3881;35,8;49,3;85,2;3545;1112;2433;1335;1098;195;2,22
"Neder-Betuwe";24034;38,7;401;1686;1637;1671;4994;3412;2857;2529;3337;2849;2469;1171;416;5386;6186;11911;12123;51,5;30,8;82,2;8941;2340;6601;2739;3862;529;2,72
"Nederweert";17001;44,9;170;734;778;821;2333;1925;1742;1825;2606;2691;2210;1286;383;3567;5297;8403;8598;33,9;39,6;73,5;7256;2012;5244;2705;2539;369;2,35
"Nieuwegein";63036;42,3;2681;3255;3269;3165;9689;6859;8530;7772;8788;8817;8259;3402;920;16302;17605;31728;31308;35,7;33,8;69,5;28985;10414;18571;8807;9764;2303;2,18
"Nieuwkoop";28628;42,9;367;1461;1476;1559;4496;3388;3179;3111;4329;4330;3499;1775;521;6290;8659;14153;14475;38,3;35,1;73,4;11684;3201;8483;3973;4510;678;2,46
"Nijkerk";42943;40,9;619;2483;2628;2828;7939;5211;4851;5082;6514;5351;4602;2563;830;9933;11865;21556;21387;45,1;33,2;78,2;17345;4910;12435;5486;6949;960;2,50
"Nijmegen";176731;39,4;3329;8318;8114;7803;24235;31372;29949;20552;21866;20932;16517;8298;3010;50501;42798;91149;85582;29,8;24,2;54,0;96554;52544;44010;21681;22329;6235;1,83
"Nissewaard";84797;42,6;1152;4232;4469;4400;13101;9604;10576;9973;11960;13070;9981;4903;1629;20549;25030;43327;41470;35,5;32,8;68,3;38553;12966;25587;11802;13785;3902;2,20
"Noardeast-Fryslân";45181;42,6;120;2319;2648;2785;7752;5301;4758;4858;6655;6436;5369;3082;970;9616;13091;22390;22791;42,9;37,6;80,5;19361;6413;12948;6037;6911;1216;2,35
"Noord-Beveland";7308;47,6;85;263;307;330;900;671;643;761;1140;1167;1179;623;224;1404;2307;3639;3669;31,8;50,6;82,4;3517;1297;2220;1287;933;201;2,08
"Noordenveld";31290;46,4;157;1342;1538;1754;4634;3074;2475;3256;4639;4872;4522;2859;959;5731;9511;15746;15544;39,9;50,8;90,8;13868;4215;9653;5146;4507;872;2,34
"Noordoostpolder";46849;40,4;102;2779;2826;3083;8688;5666;5779;5537;6694;6309;4888;2433;855;11316;13003;23122;23727;44,7;30,6;75,3;19291;5873;13418;6161;7257;1255;2,45
"Noordwijk";42859;43,8;734;1922;2206;2255;6383;4788;4763;4883;6391;6370;5472;2860;949;9646;12761;21333;21526;36,3;37,7;74,0;19307;7123;12184;5712;6472;1329;2,23
"Nuenen c.a.";23186;45,5;688;1098;1113;1279;3490;2434;1975;2412;3386;3574;3401;1978;536;4387;6960;11726;11460;39,9;47,9;87,8;10086;2865;7221;3692;3529;654;2,30
"Nunspeet";27481;41,5;213;1670;1651;1722;5043;3498;3003;3014;3707;3647;3063;1790;716;6017;7354;13882;13599;46,1;37,1;83,2;10753;3050;7703;3478;4225;588;2,55
"Oegstgeest";24426;42,4;3341;1368;1508;1541;4417;2686;2372;3020;3556;3430;2674;1564;707;5392;6986;12661;11765;44,7;36,7;81,4;10657;3653;7004;3066;3938;743;2,29
"Oirschot";18623;44,0;183;805;920;1000;2725;2244;1882;1842;2847;3157;2279;1178;469;3724;6004;9253;9370;36,7;36,5;73,3;7609;2049;5560;2656;2904;406;2,47
"Oisterwijk";26140;44,9;409;1098;1329;1450;3877;2951;2517;2698;3967;3907;3326;2145;752;5215;7874;13277;12863;38,7;43,3;82,0;11160;3450;7710;3772;3938;728;2,35
"Oldambt";38129;45,5;168;1466;1784;2014;5264;4082;3643;4013;5972;5908;5396;2804;1047;7656;11880;19149;18980;35,0;43,2;78,2;18030;6661;11369;5900;5469;1369;2,12
"Oldebroek";23598;41,1;242;1372;1437;1501;4310;2891;2721;2662;3336;3316;2507;1375;480;5383;6652;11734;11864;44,3;32,7;77,0;9159;2254;6905;3095;3810;432;2,57
"Oldenzaal";31840;43,7;1477;1410;1783;2011;5204;3533;3226;3571;4597;4466;4115;2337;791;6797;9063;16052;15788;41,4;41,6;83,1;13955;4643;9312;4426;4886;942;2,29
"Olst-Wijhe";18071;43,8;159;809;923;1057;2789;2133;1729;1844;2890;2828;2256;1142;460;3573;5718;8926;9145;38,9;37,7;76,6;7506;2105;5401;2636;2765;413;2,42
"Ommen";17813;43,3;99;872;1007;1078;2957;2023;1782;1941;2584;2618;2281;1182;445;3723;5202;8811;9002;41,9;39,9;81,8;7405;2269;5136;2503;2633;386;2,42
"Oost Gelre";29704;43,7;270;1307;1447;1752;4506;3665;3031;3031;4446;4602;3666;2042;715;6062;9048;14639;15065;39,6;38,5;78,2;12381;3605;8776;4317;4459;601;2,42
"Oosterhout";55616;43,7;778;2727;2838;2919;8484;6136;5946;6347;8431;7983;7258;3821;1210;12293;16414;28177;27439;37,4;39,0;76,4;24891;7954;16937;8409;8528;1894;2,24
"Ooststellingwerf";25497;44,9;114;1098;1298;1390;3786;2721;2442;2724;3790;4022;3469;1864;679;5166;7812;12697;12800;37,5;42,4;79,9;11228;3611;7617;3879;3738;818;2,28
"Oostzaan";9757;43,0;846;496;521;542;1559;1166;932;1124;1609;1415;1072;663;217;2056;3024;4967;4790;39,2;34,8;74,0;4091;1134;2957;1254;1703;313;2,38
"Opmeer";11779;42,7;284;561;552;715;1828;1530;1366;1239;1725;1631;1473;764;223;2605;3356;5794;5985;39,2;36,7;75,9;4948;1514;3434;1571;1863;283;2,43
"Opsterland";29723;43,4;132;1342;1612;1833;4787;3526;2837;3121;4639;4524;3627;1932;730;5958;9163;14773;14950;40,8;37,8;78,6;12529;3830;8699;4174;4525;772;2,39
"Oss";91451;42,6;560;4519;4542;4932;13993;11112;10819;10506;14038;12976;10461;5644;1902;21325;27014;45560;45891;36,9;33,6;70,5;40084;13239;26845;12359;14486;2895;2,29
"Oude IJsselstreek";39473;44,8;290;1588;1878;2251;5717;4632;3615;4074;6138;6105;5237;2949;1006;7689;12243;19622;19851;37,7;41,8;79,5;17034;5329;11705;5752;5953;979;2,33
"Ouder-Amstel";13916;42,7;578;711;775;857;2343;1656;1306;1639;2147;1972;1688;825;340;2945;4119;7114;6802;42,1;36,7;78,8;6269;2307;3962;1709;2253;534;2,25
"Oudewater";10201;42,2;262;533;578;617;1728;1264;1104;1093;1604;1343;1182;684;199;2197;2947;5183;5018;42,0;36,0;78,0;4229;1291;2938;1310;1628;257;2,42
"Overbetuwe";47543;42,0;435;2504;2784;2982;8270;5624;4538;5670;7638;6662;5459;2831;851;10208;14300;23905;23638;43,6;34,2;77,8;19513;5148;14365;6438;7927;1411;2,45
"Papendrecht";32290;43,1;3431;1577;1753;1889;5219;3762;3505;3784;4721;4225;3947;2378;749;7289;8946;16392;15898;40,3;39,4;79,6;14117;4417;9700;4547;5153;1098;2,29
"Peel en Maas";43311;44,2;272;1872;2064;2326;6262;4851;4734;4605;6558;6778;5551;3016;956;9339;13336;21314;21997;35,5;38,2;73,7;18095;4973;13122;6461;6661;908;2,41
"Pekela";12214;44,2;249;585;639;578;1802;1369;1260;1356;1894;1779;1622;851;281;2616;3673;6044;6170;36,4;39,7;76,1;5545;1823;3722;1850;1872;469;2,22
"Pijnacker-Nootdorp";54331;39,3;1465;3031;3718;4199;10948;6823;5279;7287;9445;6580;4431;2602;936;12566;16025;27314;27017;47,6;25,4;72,9;21092;5194;15898;6005;9893;1652;2,58
"Purmerend";80117;43,0;3461;3596;3982;4279;11857;9515;9423;9241;12404;11900;8813;5063;1901;18664;24304;41052;39065;35,3;33,2;68,4;35869;12244;23625;10114;13511;3562;2,24
"Putten";24198;42,1;284;1256;1417;1534;4207;3024;2670;2616;3538;3173;2664;1686;620;5286;6711;12206;11992;43,5;37,1;80,6;9622;2608;7014;3225;3789;550;2,51
"Raalte";37511;43,7;219;1822;1928;2163;5913;4428;3864;3729;5393;6112;4538;2545;989;7593;11505;18658;18853;39,7;38,3;78,0;15557;4454;11103;5377;5726;796;2,42
"Reimerswaal";22678;38,7;223;1576;1567;1587;4730;2953;2955;2615;3124;2480;2142;1150;529;5570;5604;11274;11404;49,8;30,3;80,1;9104;2881;6223;2723;3500;497;2,51
"Renkum";31302;47,3;681;1193;1520;1785;4498;2896;2240;3256;4839;4873;4577;2888;1235;5496;9712;16009;15293;38,3;53,2;91,5;14513;5329;9184;4960;4224;920;2,17
"Renswoude";5259;37,7;286;400;361;372;1133;689;688;631;719;598;510;232;59;1319;1317;2634;2625;51,5;27,2;78,7;1988;512;1476;608;868;85;2,65
"Reusel-De Mierden";13060;42,5;168;699;740;739;2178;1374;1572;1547;1657;2187;1598;716;231;3119;3844;6346;6714;37,6;33,3;70,9;5450;1537;3913;1894;2019;286;2,42
"Rheden";43640;45,9;534;1814;2086;2241;6141;4748;4183;4602;6256;6349;5720;3935;1706;8785;12605;22315;21325;36,7;48,1;84,9;20887;8374;12513;6421;6092;1481;2,09
"Rhenen";20004;42,2;475;1078;1188;1277;3543;2395;2106;2216;2941;2583;2342;1397;481;4322;5524;10060;9944;45,2;38,8;84,0;8261;2564;5697;2689;3008;455;2,44
"Ridderkerk";46241;44,6;1949;2312;2385;2243;6940;4998;5282;4839;6416;6538;5961;3804;1463;10121;12954;23829;22412;37,0;43,9;80,9;20788;7035;13753;6700;7053;1612;2,22
"Rijssen-Holten";38300;39,9;407;2424;2587;2699;7710;4988;4439;4416;5131;4536;3859;2306;915;8855;9667;19216;19084;50,1;34,0;84,2;14305;3595;10710;4429;6281;716;2,69
"Rijswijk";53467;43,0;3830;3390;2929;2416;8735;4795;7480;6945;6898;6855;6240;3664;1855;14425;13753;27835;25632;36,4;38,5;74,9;26219;11073;15146;7182;7964;2352;2,02
"Roerdalen";20615;47,0;234;782;873;936;2591;1966;1974;2073;3118;3477;3208;1647;561;4047;6595;10315;10300;31,9;47,0;79,0;9385;2933;6452;3444;3008;623;2,22
"Roermond";58209;43,4;957;2691;2927;2879;8497;6163;7518;7014;8492;8423;7016;3755;1331;14532;16915;29469;28740;33,7;35,1;68,8;27964;11285;16679;8085;8594;2225;2,09
"Roosendaal";77032;43,4;723;3665;3890;3999;11554;8987;8805;8526;11777;11040;9335;5260;1748;17331;22817;38832;38200;36,3;36,7;73,1;34990;12413;22577;11034;11543;2590;2,22
"Rotterdam";644618;39,2;2963;36575;34886;32219;103680;86037;111831;85593;84541;74467;54842;30589;13038;197424;159008;326683;317935;34,2;24,2;58,4;324539;156156;168383;72699;95684;34200;1,99
"Rozendaal";1654;45,4;59;71;102;127;300;172;60;178;263;259;226;136;60;238;522;839;815;49,9;51,3;101,2;682;149;533;273;260;29;2,39
"Rucphen";22572;45,5;350;939;941;998;2878;2299;2402;2303;3774;3897;3041;1562;416;4705;7671;11192;11380;29,9;37,1;67,0;9780;2704;7076;3594;3482;547;2,32
"Schagen";46553;44,5;277;1911;2361;2805;7077;5421;4293;4920;6987;6687;6642;3433;1093;9213;13674;23262;23291;39,6;44,1;83,7;20422;6709;13713;6695;7018;1357;2,29
"Scherpenzeel";9873;39,9;716;647;688;606;1941;1289;1196;1137;1311;1135;1059;606;199;2333;2446;4983;4890;48,3;34,5;82,9;3906;1118;2788;1236;1552;200;2,52
"Schiedam";77999;41,0;4377;4263;4093;4050;12406;9306;11152;10040;11428;10145;7737;4030;1755;21192;21573;39324;38675;35,3;28,4;63,7;37026;15230;21796;9394;12402;3802;2,11
"Schiermonnikoog";936;48,1;23;26;32;45;103;83;82;109;147;153;140;96;23;191;300;448;488;26,8;48,5;75,3;530;275;255;155;100;20;1,81
"Schouwen-Duiveland";33779;46,4;147;1445;1551;1696;4692;3490;3148;3231;4996;5152;5059;2850;1161;6379;10148;17054;16725;36,6;50,2;86,8;15434;5159;10275;5670;4605;853;2,20
"'s-Hertogenbosch";154205;41,4;1402;7750;8162;8030;23942;18123;21865;19288;22876;20619;16307;8243;2942;41153;43495;78004;76201;34,6;29,2;63,8;72654;28889;43765;21006;22759;5230;2,13
"Simpelveld";10516;46,7;656;433;441;510;1384;1003;1031;1080;1582;1740;1527;920;249;2111;3322;5285;5231;32,7;45,8;78,5;4896;1573;3323;1788;1535;321;2,17
"Sint Anthonis";11606;44,2;117;521;518;645;1684;1457;1153;1091;1839;1904;1354;783;341;2244;3743;5600;6006;37,2;37,3;74,5;4653;1236;3417;1667;1750;207;2,52
"Sint-Michielsgestel";28991;43,5;497;1403;1590;1744;4737;3295;2654;3276;4572;4254;3488;2058;657;5930;8826;14430;14561;41,6;38,6;80,2;11905;3297;8608;3996;4612;658;2,44
"Sittard-Geleen";92661;45,6;1173;3602;3954;4108;11664;9880;10627;9874;13685;15043;12194;7044;2650;20501;28728;46976;45685;30,6;40,4;70,9;45200;17890;27310;14138;13172;3410;2,07
"Sliedrecht";25026;41,2;1949;1526;1550;1467;4543;2942;3286;2862;3403;3004;2633;1636;717;6148;6407;12682;12344;43,6;35,7;79,3;10321;3456;6865;3093;3772;654;2,42
"Sluis";23386;47,5;84;906;967;1080;2953;2130;2329;2269;3473;3647;3656;2066;863;4598;7120;11814;11572;32,0;51,7;83,7;11339;4184;7155;4070;3085;629;2,08
"Smallingerland";55938;42,7;477;2730;3042;3365;9137;6633;6250;6377;8225;7589;6492;3926;1309;12627;15814;28062;27876;40,8;37,4;78,2;24939;8988;15951;7509;8442;1889;2,26
"Soest";46194;43,6;999;2226;2500;2781;7507;5273;4362;5161;7000;6502;5857;3228;1304;9523;13502;23642;22552;41,9;41,2;83,1;20401;6998;13403;6273;7130;1388;2,28
"Someren";19322;43,1;241;990;852;951;2793;2354;2422;2002;2921;3032;2085;1276;437;4424;5953;9452;9870;34,4;32,9;67,2;8130;2398;5732;2752;2980;394;2,39
"Son en Breugel";16904;43,8;651;874;940;1050;2864;1840;1641;1939;2534;2212;1784;1507;583;3580;4746;8579;8325;42,8;42,5;85,2;7104;2031;5073;2393;2680;449;2,40
"Stadskanaal";31789;45,5;270;1320;1515;1696;4531;3488;3080;3246;4773;4741;4254;2696;980;6326;9514;16059;15730;37,0;45,5;82,5;14598;5121;9477;4896;4581;1000;2,21
"Staphorst";17003;37,2;127;1275;1258;1297;3830;2540;2078;1833;2220;1913;1496;815;278;3911;4133;8260;8743;56,8;28,2;85,0;5874;1408;4466;1656;2810;256;2,91
"Stede Broec";21706;42,5;1497;1147;1182;1247;3576;2625;2368;2481;3109;2894;2956;1349;348;4849;6003;10794;10912;41,3;38,6;79,9;9132;2589;6543;3096;3447;659;2,39
"Steenbergen";25054;43,7;171;1050;1110;1208;3368;2971;3107;2779;3963;3652;3081;1540;593;5886;7615;12209;12845;31,4;34,5;65,9;11963;4725;7238;3734;3504;642;2,11
"Steenwijkerland";43940;43,6;152;2198;2267;2473;6938;5054;4540;4739;6445;6576;5408;3152;1088;9279;13021;21802;22138;40,3;39,5;79,8;19250;6275;12975;6463;6512;1155;2,30
"Stein";24961;47,3;1184;862;967;1176;3005;2451;2407;2526;3861;4062;3859;2120;670;4933;7923;12591;12370;31,3;47,7;79,0;11545;3528;8017;4346;3671;777;2,18
"Stichtse Vecht";64336;42,7;669;3364;3862;3788;11014;6908;6474;7679;9906;9385;7803;3889;1278;14153;19291;32875;31461;40,8;35,5;76,3;27878;8925;18953;8475;10478;1994;2,31
"Súdwest-Fryslân";89710;43,4;172;4236;4932;5486;14654;10365;8891;9566;13776;12618;11352;6404;2084;18457;26394;44601;45109;42,0;40,3;82,3;39777;13895;25882;12628;13254;2578;2,27
"Terneuzen";54589;45,3;218;2398;2559;2770;7727;5575;5736;5896;8250;7832;7561;4370;1642;11632;16082;27448;27141;35,6;44,9;80,5;25643;9326;16317;8559;7758;1804;2,14
"Terschelling";4890;44,1;57;171;194;217;582;773;522;494;731;661;675;338;114;1016;1392;2339;2551;30,4;39,1;69,4;2455;1137;1318;733;585;119;2,00
"Texel";13547;46,0;84;525;595;681;1801;1410;1380;1284;2046;2258;2060;1011;297;2664;4304;6821;6726;33,6;44,2;77,9;6374;2379;3995;2169;1826;391;2,15
"Teylingen";37061;42,3;1306;1877;1964;2265;6106;4519;3878;4230;5907;5365;3865;2300;891;8108;11272;18578;18483;40,4;33,0;73,4;15661;4780;10881;4840;6041;1050;2,37
"Tholen";25780;40,9;176;1517;1578;1648;4743;3282;3044;2761;3733;3354;2789;1504;570;5805;7087;12897;12883;44,6;33,6;78,2;10441;3062;7379;3386;3993;609;2,47
"Tiel";41978;41,4;1277;2014;2203;2367;6584;5433;5109;5213;6605;5599;4519;2163;753;10322;12204;21064;20914;37,7;29,6;67,3;18557;6692;11865;5194;6671;1485;2,31
"Tilburg";217259;40,2;1870;10432;10806;11000;32238;33373;32489;26807;30019;25929;21191;11311;3902;59296;55948;108976;108283;33,6;26,9;60,5;107303;48909;58394;27536;30858;7984;2,03
"Tubbergen";21276;41,8;145;977;1126;1391;3494;3044;2246;2090;3312;3065;2279;1276;470;4336;6377;10408;10868;43,2;33,4;76,7;8085;2018;6067;2494;3573;387;2,65
"Twenterand";33792;41,1;318;1779;2099;2325;6203;4247;3627;3861;5053;4502;3749;1916;634;7488;9555;16631;17161;45,7;33,4;79,0;13142;3377;9765;4150;5615;817;2,59
"Tynaarlo";33698;44,8;236;1759;1968;2048;5775;3184;2497;3829;5131;5233;4322;2636;1091;6326;10364;17145;16553;44,1;45,2;89,3;14210;4146;10064;4937;5127;886;2,38
"Tytsjerksteradiel";31780;43,8;213;1485;1768;1966;5219;3604;3051;3434;4651;4486;4151;2395;789;6485;9137;15880;15900;42,6;42,8;85,3;13446;4108;9338;4574;4764;798;2,38
"Uden";41782;43,0;624;2033;2116;2381;6530;4827;4784;5008;6179;5625;5055;2844;930;9792;11804;21067;20715;38,1;37,0;75,1;18490;6286;12204;5788;6416;1333;2,29
"Uitgeest";13528;41,4;706;713;735;831;2279;1732;1489;1570;2198;1859;1427;745;229;3059;4057;6708;6820;40,5;30,3;70,9;5615;1547;4068;1770;2298;403;2,40
"Uithoorn";29424;42,0;1622;1494;1642;1741;4877;3501;3279;3599;4738;3992;2887;1866;685;6878;8730;14915;14509;39,7;31,7;71,3;12791;4210;8581;3525;5056;1125;2,30
"Urk";20776;31,9;1580;1944;2027;1913;5884;3447;3074;2412;2274;1719;1209;580;177;5486;3993;10256;10520;68,9;17,7;86,6;6223;1219;5004;1420;3584;282;3,35
"Utrecht";352866;35,7;3761;21908;20051;18102;60061;53781;76894;50973;43468;31102;20927;11338;4322;127867;74570;180009;172857;32,7;15,4;48,1;180374;93120;87254;39534;47720;10078;1,95
"Utrechtse Heuvelrug";49515;44,9;375;2332;2650;2915;7897;5581;3760;5336;7664;7242;6184;4040;1811;9096;14906;25309;24206;42,7;45,8;88,6;21514;7614;13900;6796;7104;1216;2,31
"Vaals";10092;47,8;422;305;387;327;1019;1293;877;945;1480;1704;1533;947;294;1822;3184;4889;5203;29,5;49,1;78,5;5466;2606;2860;1704;1156;300;1,89
"Valkenburg aan de Geul";16470;48,5;448;544;607;669;1820;1620;1508;1585;2449;2752;2571;1577;588;3093;5201;8354;8116;29,3;52,2;81,5;7901;2984;4917;2703;2214;459;2,10
"Valkenswaard";30910;45,8;563;1354;1331;1482;4167;3292;3267;3190;4557;4648;4237;2649;903;6457;9205;15616;15294;34,2;45,2;79,4;14338;4962;9376;4939;4437;972;2,16
"Veendam";27491;44,2;362;1147;1488;1493;4128;3045;2672;3097;4447;3929;3621;1899;653;5769;8376;13806;13685;37,6;39,8;77,5;12626;4372;8254;4094;4160;993;2,19
"Veenendaal";65589;40,2;3370;3975;3974;4181;12130;8292;8358;7854;9179;8080;6815;3602;1279;16212;17259;33238;32351;44,4;31,3;75,8;27540;8923;18617;8245;10372;1916;2,38
"Veere";21835;45,6;165;1063;1088;1118;3269;2409;1903;2069;3072;3346;3337;1771;659;3972;6418;10942;10893;40,2;50,3;90,5;9406;2860;6546;3529;3017;401;2,34
"Veldhoven";45337;43,7;1431;2148;2310;2477;6935;4901;5022;5455;6736;6672;5328;3210;1078;10477;13408;22685;22652;36,6;36,8;73,4;19887;6294;13593;6547;7046;1325;2,29
"Velsen";68348;43,1;1512;3285;3497;3622;10404;8357;7480;7526;10832;10033;7569;4228;1919;15006;20865;34436;33912;36,9;34,4;71,3;30915;11118;19797;8719;11078;2550;2,22
"Venlo";101603;43,7;818;4583;4932;5234;14749;11493;12124;11752;14678;15041;12373;6855;2538;23876;29719;50977;50626;34,3;36,6;71,0;47689;18216;29473;14547;14926;3497;2,13
"Venray";43326;43,5;265;1960;2120;2293;6373;5186;4770;4855;6594;6452;5284;2952;860;9625;13046;21293;22033;36,6;36,3;72,9;18750;6007;12743;6195;6548;1219;2,33
"Vijfheerenlanden";55712;41,7;381;3158;3116;3321;9595;6757;6572;6365;8053;7270;6437;3444;1219;12937;15323;28146;27566;42,1;35,4;77,5;22845;6678;16167;7175;8992;1573;2,46
"Vlaardingen";72404;42,7;3072;3934;3934;3698;11566;7957;9400;8640;10107;9328;8374;4888;2144;18040;19435;37126;35278;37,2;37,1;74,3;34189;13554;20635;9438;11197;3328;2,11
"Vlieland";1138;43,8;29;34;36;51;121;156;154;117;203;175;129;70;13;271;378;557;581;25,6;28,8;54,4;628;335;293;168;125;25;1,81
"Vlissingen";44371;44,3;1293;1918;2180;2286;6384;5057;4820;5336;6212;6230;5860;3177;1295;10156;12442;22283;22088;35,3;41,1;76,3;22394;9940;12454;6369;6085;1782;1,99
"Voerendaal";12452;46,8;395;570;560;577;1707;1177;1128;1229;1763;2139;1847;1120;342;2357;3902;6313;6139;35,2;48,9;84,1;5598;1622;3976;2100;1876;376;2,22
"Voorschoten";25479;43,6;2287;1322;1528;1654;4504;2656;2246;3037;3701;3434;3114;1887;900;5283;7135;13197;12282;44,6;43,6;88,2;11204;3779;7425;3377;4048;834;2,29
"Voorst";24417;44,6;199;1155;1283;1385;3823;2712;2207;2447;3564;3956;3285;1767;656;4654;7520;12233;12184;40,5;42,9;83,3;10063;2768;7295;3735;3560;504;2,44
"Vught";26396;43,0;782;1450;1582;1537;4569;2694;2522;3323;4001;3813;3047;1663;764;5845;7814;13229;13167;41,2;36,9;78,1;11179;3751;7428;3330;4098;778;2,36
"Waadhoeke";46039;43,4;162;2131;2481;2717;7329;5341;4528;5092;6988;6864;5886;3024;987;9620;13852;22680;23359;40,3;38,4;78,7;20173;6680;13493;6636;6857;1321;2,29
"Waalre";17247;44,6;770;860;1008;1003;2871;1764;1466;2011;2534;2457;2165;1409;570;3477;4991;8704;8543;42,9;45,2;88,1;7477;2239;5238;2517;2721;497;2,31
"Waalwijk";48240;43,0;747;2395;2443;2562;7400;5257;5986;5776;7193;6492;5866;3252;1018;11762;13685;24198;24042;36,4;36,3;72,6;21607;7265;14342;6947;7395;1477;2,24
"Waddinxveen";28316;41,4;1020;1765;1624;1608;4997;3247;3705;3273;3794;3713;3228;1745;614;6978;7507;14258;14058;41,6;34,8;76,5;11848;3428;8420;3976;4444;741;2,38
"Wageningen";38774;38,9;1275;1513;1652;1662;4827;8744;6410;3908;4337;4299;3469;1922;858;10318;8636;20106;18668;28,5;24,7;53,2;22288;13444;8844;4540;4304;927;1,75
"Wassenaar";26211;45,2;513;1083;1511;1839;4433;2936;1706;2584;4197;3646;3285;2305;1119;4290;7843;13806;12405;48,3;51,0;99,4;11536;4093;7443;3349;4094;864;2,28
"Waterland";17315;45,0;332;844;919;1009;2772;1807;1412;1800;2607;2718;2411;1363;425;3212;5325;8790;8525;40,6;45,0;85,6;7476;2253;5223;2479;2744;489;2,32
"Weert";49842;44,6;478;2188;2308;2519;7015;5572;5639;5403;7348;7346;6295;3943;1281;11042;14694;24886;24956;34,7;40,5;75,2;22412;7755;14657;7250;7407;1475;2,24
"Weesp";19334;42,8;848;1110;1068;994;3172;1880;2335;2514;2842;2700;2090;1270;531;4849;5542;9919;9415;37,3;34,6;71,9;9038;3562;5476;2592;2884;624;2,14
"West Betuwe";50697;41,8;235;2674;2860;3240;8774;6225;5280;5567;8169;7071;5855;2892;864;10847;15240;25375;25322;43,3;33,5;76,8;20302;5224;15078;6888;8190;1236;2,52
"West Maas en Waal";19076;44,0;249;860;919;970;2749;2153;1964;1998;3184;3061;2371;1196;400;3962;6245;9522;9554;35,0;35,4;70,4;8195;2332;5863;2937;2926;475;2,34
"Westerkwartier";63031;42,5;174;3215;3637;4016;10868;7341;6224;7107;9852;8857;7473;3982;1327;13331;18709;31340;31691;43,1;36,4;79,5;26243;7636;18607;8571;10036;1670;2,42
"Westerveld";19348;47,6;70;716;811;999;2526;1920;1531;1765;2946;3282;3013;1731;634;3296;6228;9720;9628;35,4;52,1;87,6;8658;2792;5866;3304;2562;395;2,26
"Westervoort";14944;43,4;2126;730;706;800;2236;1591;1765;1615;2177;2678;1845;769;268;3380;4855;7593;7351;34,5;32,1;66,7;6686;2032;4654;2236;2418;622;2,25
"Westerwolde";25199;46,4;91;990;1212;1313;3515;2544;2270;2379;3700;4213;3855;1969;754;4649;7913;12594;12605;36,3;48,1;84,4;11194;3675;7519;4182;3337;677;2,20
"Westland";108603;41,7;1336;5650;5999;6320;17969;13254;13439;12772;15705;14636;11917;6610;2301;26211;30341;54387;54216;39,0;33,0;72,0;45859;14170;31689;14234;17455;2859;2,37
"Weststellingwerf";25840;44,5;117;1217;1298;1417;3932;2828;2619;2690;3819;3900;3310;2005;737;5309;7719;12975;12865;38,4;42,3;80,8;11284;3626;7658;3901;3757;687;2,29
"Westvoorne";14626;47,1;275;556;617;745;1918;1478;1169;1446;2341;2441;2117;1198;518;2615;4782;7368;7258;34,0;47,6;81,6;6599;2026;4573;2453;2120;383;2,23
"Wierden";24351;42,3;257;1282;1414;1539;4235;2922;2646;2655;3421;3390;2909;1627;546;5301;6811;12196;12155;44,1;38,0;82,1;9532;2341;7191;3254;3937;509;2,56
"Wijchen";40951;43,4;619;1757;2125;2475;6357;4773;3953;4657;6607;6113;5135;2605;751;8610;12720;20687;20264;38,7;36,3;75,0;17618;5310;12308;5750;6558;1273;2,34
"Wijdemeren";24013;45,1;504;1121;1210;1353;3684;2537;1875;2545;3929;3731;3243;1817;652;4420;7660;12269;11744;39,6;43,6;83,2;10527;3309;7218;3435;3783;688;2,29
"Wijk bij Duurstede";23762;42,7;499;1223;1289;1350;3862;2786;2377;2505;3731;3912;3004;1237;348;4882;7643;12037;11725;39,9;33,5;73,4;9967;2740;7227;3376;3851;679;2,39
"Winterswijk";28903;44,4;209;1188;1399;1660;4247;3383;2898;3060;4311;4365;3740;2089;810;5958;8676;14461;14442;37,9;41,1;79,0;12767;4282;8485;4222;4263;811;2,29
"Woensdrecht";21866;45,2;239;941;1012;1067;3020;2351;2219;2265;3580;3156;3040;1754;481;4484;6736;10878;10988;35,1;43,0;78,1;9574;2720;6854;3526;3328;631;2,29
"Woerden";52197;41,2;589;2850;3153;3371;9374;6261;5702;6358;7968;6842;5694;2982;1016;12060;14810;26394;25803;43,8;32,8;76,6;21783;6771;15012;6585;8427;1471;2,40
"Wormerland";16329;44,4;423;717;742;885;2344;2030;1571;1605;2701;2339;2030;1324;385;3176;5040;8232;8097;37,8;40,9;78,8;7139;2235;4904;2285;2619;569;2,29
"Woudenberg";13166;40,3;360;830;879;888;2597;1641;1498;1481;1849;1640;1365;801;294;2979;3489;6552;6614;49,3;34,3;83,6;5048;1337;3711;1617;2094;299;2,61
"Zaanstad";155885;41,3;2110;8591;8496;8815;25902;18047;19970;19961;24064;19697;16241;9020;2983;39931;43761;78690;77195;38,0;30,5;68,5;69962;25202;44760;18620;26140;6964;2,22
"Zaltbommel";28451;40,4;358;1615;1703;1915;5233;3765;3249;3287;4191;3620;2986;1600;520;6536;7811;14116;14335;45,1;31,7;76,9;11614;3486;8128;3582;4546;799;2,50
"Zandvoort";17011;46,5;530;672;761;832;2265;1570;1615;1889;2720;2538;2552;1331;531;3504;5258;8797;8214;32,8;46,5;79,3;8456;3623;4833;2381;2452;735;2,01
"Zeewolde";22309;39,1;90;1182;1291;1510;3983;3094;2838;2534;3878;3128;1705;885;264;5372;7006;10917;11392;40,8;20,6;61,4;9393;2928;6465;2728;3737;643;2,42
"Zeist";63934;42,1;1318;3599;3778;3873;11250;7607;6778;7666;9116;8186;7149;4200;1982;14444;17302;32842;31092;43,4;37,8;81,2;28883;11721;17162;7663;9499;2079;2,21
"Zevenaar";43488;44,9;470;1900;2119;2294;6313;4590;4317;4933;6525;6387;6211;3217;995;9250;12912;22063;21425;36,5;43,0;79,6;19614;6338;13276;6688;6588;1409;2,23
"Zoetermeer";124944;41,5;3627;6677;7241;7172;21090;14458;15714;15093;17164;18253;14624;6323;2225;30807;35417;63961;60983;38,9;31,6;70,6;55953;19190;36763;15928;20835;5869;2,24
"Zoeterwoude";8450;43,5;399;376;429;467;1272;1028;870;869;1353;1324;1011;542;181;1739;2677;4247;4203;37,8;35,6;73,4;3431;958;2473;1132;1341;231;2,47
"Zuidplas";42762;41,3;737;2497;2557;2583;7637;5092;4800;4889;6409;6123;4600;2412;800;9689;12532;21558;21204;42,6;31,9;74,4;17349;4657;12692;5479;7213;1288;2,46
"Zundert";21612;44,8;179;919;981;958;2858;2443;2375;2285;3351;3569;2713;1431;587;4660;6920;10569;11043;31,8;36,9;68,8;9405;2877;6528;3379;3149;486;2,29
"Zutphen";47609;43,6;1163;1961;2445;2923;7329;5520;4597;5564;7465;6891;6238;2862;1143;10161;14356;24244;23365;39,2;38,2;77,4;22123;8649;13474;6356;7118;1853;2,18
"Zwartewaterland";22503;38,8;273;1408;1566;1630;4604;3115;2696;2647;2976;2649;2333;1098;385;5343;5625;11054;11449;50,8;30,8;81,5;8485;2150;6335;2726;3609;416;2,66
"Zwijndrecht";44639;43,2;2199;2367;2437;2465;7269;4934;5351;5135;5989;5928;5365;3350;1318;10486;11917;22983;21656;39,6;40,5;80,1;20059;6856;13203;6198;7005;1869;2,22
"Zwolle";127497;39,3;1148;7190;7776;7708;22674;16340;18961;17102;17731;14844;11397;6094;2354;36063;32575;64703;62794;39,4;25,7;65,1;59307;24335;34972;15983;18989;4108;2,15
